Id,SalePrice
2658,100499.28039463432
2718,157286.94388649752
2414,208534.34534094573
1989,96568.00642308427
625,172018.67884262538
333,89351.99943131459
1327,108666.26021211808
858,157414.43031560804
95,182135.9862590934
1568,162628.21708722273
2482,150202.43218437917
1364,116986.82702382524
2584,151206.62652490922
818,266046.27157072263
2673,109908.67941674391
2089,120580.49227310641
1297,146299.78133916718
790,120591.15714188194
2616,196974.3607111398
720,162870.50329083143
222,154744.83336701948
557,133478.73947325177
1148,190059.3902641933
2766,173283.75046288705
534,177557.5250871847
1452,124150.36162238037
630,130622.50018054714
2648,105869.49228468393
125,163158.20256724485
1904,71918.42365280741
1670,114331.54175140143
756,98721.05984138382
717,180308.90407410974
1032,148333.40817026794
852,201665.83512296726
1731,181512.59074124682
2639,101714.60388119661
2071,98258.91101213353
1267,115895.3449094125
1851,192968.59845163292
567,161965.77371659564
2439,205453.43550790948
1898,154998.78331905234
647,167247.5309787502
2256,208484.25528763796
979,88609.68660195418
1444,217218.67527540476
2485,128799.10900078891
157,134505.24130260487
88,125673.33248198588
2003,109003.33352946014
186,160695.02767000362
1425,232813.21077992025
2695,122705.47616066414
738,111108.70006624548
395,160208.75140735912
1353,165505.77393603072
1878,140790.4662460207
390,153566.70443674547
1456,229367.50118851263
1103,293992.7934971408
1387,121925.73084163947
2070,136008.9830328916
1199,160793.86073655347
2479,171636.1006403476
501,302829.6709896314
2362,98788.14605406103
1718,186334.20219826596
2188,84201.77656884618
1483,147212.11276085
2557,100327.98984026418
437,381293.4971472262
2224,191430.09128977612
1628,173191.5064973943
397,152874.1223530778
587,192332.58728910855
971,130783.54052476499
2611,142818.3039983242
1887,114952.47684198528
2399,354986.430082084
2148,199705.45184221753
304,99024.93129374663
1997,127402.13598818332
2817,127654.89974771172
1431,206776.0413302164
427,361678.2902238476
263,124965.95218525185
598,166193.05464651983
2895,243511.77463130126
687,146258.59667674868
1822,142335.24142818846
2191,102647.35483612772
179,114155.31263976016
1009,201735.46804926058
2010,132179.3726652172
1991,131741.8257011582
1411,155351.26776647154
1721,207480.22770034266
1144,191163.86512074413
593,213164.45020918647
575,308582.37862405524
1249,168901.43052720197
1604,127902.64930485726
1064,502849.81768520275
1923,155222.05597823884
1988,111370.38306809084
2325,169339.34859330553
114,184852.714456207
2700,179762.21103947115
217,124425.19266675094
343,173703.00373283992
386,233981.43089977684
2005,142763.39697039226
2908,146413.1539298364
1814,220910.29080638968
2446,564861.6545860184
208,132207.8828270999
1679,116484.12074680904
822,314339.7359137499
6,184454.64539117698
1781,407516.93392671394
2397,288375.80396098096
2340,299690.721937414
1618,167805.3284545326
2843,113764.91565566369
1061,396727.492698038
2786,133389.32277786997
1935,143574.38762814173
1341,112853.2813882778
521,267267.391399225
2136,139430.2804563327
996,192240.74832296892
227,140094.98488795554
135,174527.74112666812
1167,162482.72865503342
294,238593.80498117986
1776,217153.9065608615
540,169420.28927764719
1717,193100.21564998507
2303,140394.59027124787
116,170952.69133226067
127,140495.15587362717
1371,124400.34694951575
1014,141363.1464310567
1507,118102.12554584772
702,118127.02030412837
750,139049.86932967964
261,153945.61160728603
1559,80798.23328544777
577,220333.55139067685
2812,198969.94568587875
2080,157888.46575717456
1368,118929.54187033689
2376,131844.18149108972
659,103424.98327763885
1235,139826.7919066115
332,81035.2541650092
1917,141446.71385763751
2094,255967.33197455382
1460,252996.03566786333
1471,204907.63446050824
1509,122077.83750602163
1922,135349.61721144637
433,535941.578851426
460,257743.97941352034
1116,239694.63096900718
1137,165698.85842208588
53,161501.86402613428
2354,277762.5274771401
1475,191058.58477666567
1761,709793.7912268362
842,142840.2941906919
2739,175526.17533488502
2509,154524.968812195
1007,200325.77348882818
2610,175396.92935511653
1952,91389.71103548577
2719,150768.93571534698
2921,88859.04335351368
1966,155820.74692420542
292,100897.51881663443
1204,181818.43774680296
1829,268140.1689241375
2419,186793.1567575897
391,147090.73158428192
798,104670.23888862027
481,191276.02114671262
193,183543.70366324394
555,125061.8964886544
899,55066.39003680143
2357,165062.44000330582
328,102437.50934279365
1356,115005.37727766274
1154,105323.03962087707
1730,181479.54346065424
2249,152281.25039709383
1119,270784.20107378595
2856,142238.56392991505
1394,139497.3307578082
2587,131451.36349752842
61,325251.65911172767
2661,164238.78214592577
2711,129929.23580078511
1147,178390.1621858018
757,123664.77660085104
2623,109391.4017037265
2378,142173.30020185633
1413,132847.45607137267
1722,207195.74362279056
1112,221064.24005158115
1623,195146.57309677056
1201,187468.74203532873
1513,112774.89098086715
957,734663.8596765253
1171,256029.39963671463
1145,186710.57575708113
2726,232052.33425964287
703,135782.75443808493
760,98226.97721705104
1964,158522.89159724824
2512,184251.11531302176
159,136546.82543740244
1281,161609.35310057315
468,176704.01953115157
290,117795.81258564282
665,96668.33487681212
1463,262267.48400698265
1792,227615.22166023272
923,149948.75037654143
500,258446.88823896518
1408,147108.31559847028
331,95959.78760230711
170,114115.9301559824
2192,99110.25844747608
2571,293329.0181820315
2314,171059.26559031717
2647,100687.78427112305
422,459488.27714739856
2457,403949.93413010915
1838,202636.69779974947
2805,265578.73568948085
1645,154197.6174694391
1711,307774.6764647203
2825,256717.03943124364
322,346283.67883678596
2103,248558.19433255782
342,117468.39063827645
600,127149.49102178648
488,185673.4065088797
1725,323268.5123616448
2246,256361.68140337255
2847,141924.86976891122
806,228424.5755159397
530,236905.5723712557
963,189350.51686430525
2678,82478.03620442483
171,96385.47347876489
2401,493741.6654400528
805,222865.4220047826
2259,230287.6977559202
1748,185992.15489828167
1361,125444.65442019489
1677,106962.63956203878
1406,130156.59750438614
2322,247222.56938772218
688,149390.80358438645
143,146439.37512390784
804,203196.92253990218
1214,155439.04595553293
2828,140304.55964035733
1999,167036.51682491394
2467,204135.1337057783
2665,151062.22544404754
1538,378593.46261010965
398,121434.31337612896
2822,129837.41913868338
2157,144893.12810548997
1856,213914.78574418093
1269,111396.58840566153
2570,116643.32101639664
2320,223624.0584875025
1517,124315.88503263664
2304,128698.41507231645
1312,97215.19019114695
2012,131016.66679079097
506,241239.2971670479
2865,232090.36023404347
2367,97627.21625968492
554,78705.4800420345
238,130012.04145612649
1954,121929.20872357885
2488,132007.5630975236
2291,70029.96754228367
1969,120143.97757413729
2725,168717.6902557965
1482,147212.11276085
2763,191812.4417018844
503,247882.6110757934
1584,245487.23344269829
1531,130478.0097144724
2210,156439.37663132988
459,344916.09561750636
556,122887.00576048912
1347,138704.38342562874
1290,84088.01025239317
1388,95376.16907300659
1571,457685.9612719897
2754,195730.631009595
765,130114.512611902
2494,125433.36136171389
2870,258260.68766015978
7,210689.89297801565
1114,246655.74318805148
2418,271692.3509246414
291,129093.15217154573
18,292547.4583701427
39,375793.03803623817
1001,281019.5932541209
2442,229068.99691208772
616,123241.7807939832
2680,78407.24094765093
1414,136045.64646854388
289,150286.15482976762
40,247082.6773172682
860,120092.99986556478
409,129649.99796454326
673,152688.85421066033
2427,169177.39161595108
2036,186408.11712986082
2564,150870.24679700637
642,150940.93424575572
1008,186725.0050154092
1908,130223.44092714497
2519,187472.30330786228
1369,100368.97065802617
2855,166301.67970477755
712,100014.99414265309
1943,115099.34782267298
1958,129684.15094481704
107,155224.3806168012
2295,207066.42861093438
704,96331.8193365168
676,139969.25493259102
259,176961.43508659472
93,281506.42371653405
106,248462.56371717347
2315,185068.43113656755
1050,110337.28892829578
1095,199934.72680180724
2709,133543.86302848806
758,124633.85794735138
1496,141729.06469446208
2370,119346.26750617151
2458,286656.93108800607
2733,130590.12415678613
161,268822.7399104829
726,135469.36722754512
845,201935.3156100346
947,246405.36276488163
2232,106755.49592299174
2563,157441.91834354048
2299,120319.46186419722
211,83827.3955032997
605,154058.62320148663
1478,200572.65400447862
2247,244137.37411172385
2274,209015.22782644135
2869,223888.4375139035
967,217765.65020978876
2656,118868.31958937384
667,180138.6543764368
1042,105920.07473715066
2023,139916.0818812658
2447,423911.5979667499
2055,132524.1100094586
2275,295009.4813775644
2204,179021.4719850505
1563,258825.4047448656
483,198909.87509726803
796,127787.29313863177
1526,178850.98409611938
2042,121817.91306146317
442,351262.1128484922
1693,349439.3899817881
1468,221647.91662229106
1430,198754.53575067615
2605,132027.4211862303
1529,199669.2777147826
335,144679.5102897565
1287,129166.040804988
31,94737.56492214084
1785,298642.76211366884
82,155682.87253433868
2620,115771.62655288204
252,179559.71424985837
721,71507.39809814101
2165,185311.8859260202
2316,182686.5895193921
775,131942.10161712664
1558,93499.23394909683
17,208766.01498446858
1022,208566.39741016465
925,137917.69920455225
438,275890.84642519115
1270,156808.45413242647
1272,127803.20605623606
215,134635.0235074896
266,225962.20933292166
2402,288837.6254671918
1250,129243.27540402675
1984,114596.81092276724
1279,146923.98392609015
377,255707.5063497473
1252,129079.86688836089
2156,256250.41606267708
499,313934.6171537282
1374,134584.0192897969
2898,249746.3708293424
401,119644.61693063889
2721,164196.31121203373
2078,250501.2052163626
2589,140702.9955736931
1946,221882.31264893422
1334,120761.05458275863
2781,222261.51245867653
431,408380.3741255044
576,190524.8525849281
1474,204709.91875272704
2254,136884.76465904308
2155,274467.7448534713
885,104081.27881975194
643,148743.19796210167
1944,134093.35450965015
480,190693.04844974584
2845,102895.84821977926
2387,326265.3640280887
2407,201269.2380815909
2527,160126.2659540181
2514,153643.13686730078
629,143207.42930479502
80,209856.20840099597
1876,144858.09798806522
1546,116240.6125952512
2518,173950.2799521979
2347,158080.0058097343
783,252444.86709551507
1322,42273.92674956432
194,95089.30826384049
1770,288841.8602697462
2143,148806.64820116438
1229,175549.52322313815
511,265474.4715921663
46,210136.88162110574
1348,160308.0156113196
2465,202129.70270594882
387,231654.41510039658
873,201716.1112355539
1918,128753.42998479192
2764,234322.74329812222
2184,126753.22232261243
934,143238.56938404505
1920,135580.86067375375
2631,139182.28499677475
1768,690055.5446988554
2040,120435.8747126251
1749,211748.3113705205
834,244222.32104703548
1457,232707.9968720112
79,115607.43119611232
2302,126357.7429388539
1817,156850.31190678006
2755,224981.79293946887
359,176664.93330141017
2059,111435.70477434689
2092,236043.35847560206
2516,238250.92499413877
150,119465.74552737716
1656,147522.92331271069
83,99280.23785473802
2411,184328.6822219664
795,75645.63411955707
2312,227383.08816351768
2917,110413.45683581733
1624,173263.99507387244
2215,317136.3993949462
1211,150440.5545749017
1485,154489.3261168652
1024,161172.77106018935
570,185812.3752237667
2874,128134.71233412092
700,128955.13441270118
2756,212011.57220469328
2022,183179.2085024425
583,228367.43722476537
2392,373318.4443209788
2424,183599.01607406366
212,101094.01671690235
736,136763.4613586518
1610,169020.34283837216
890,125409.08874074566
467,173950.8104528842
578,232324.16941800772
1747,181120.8846856996
1149,149952.7670711646
2758,245231.14672519107
857,137426.41572926793
2219,308091.27998188266
733,101231.38941987442
2909,105058.33527692378
1798,257842.4391966246
235,110342.76333031098
2366,128872.16249900969
1027,133046.06116199444
1195,143812.29356420622
1303,50467.02708522903
148,166055.73029714284
608,145891.31120717718
2515,201036.88546446693
821,275737.82831398095
2500,281861.25618606276
745,111974.41967805871
741,134732.22840769423
1611,131873.633740689
2532,134658.52641808713
1081,200613.5682554651
1692,487831.2236029634
2520,166785.3286575657
276,120844.40137448673
1992,123605.907823423
663,52187.114232329994
418,119212.24266168053
1733,202360.37306089432
2359,140983.51737929412
253,174466.30779809406
1518,166622.02329101082
2035,125149.98534879193
2919,79702.82487260122
1540,271168.2550078799
2120,142770.1785502615
1674,169370.96683472517
256,157474.6816705474
2361,121048.46929651135
978,88196.2945040353
2280,170272.64097136576
2095,209505.91255467152
1709,342836.5730320349
2801,254828.9607181308
1246,127970.68594257304
2373,98937.22685337646
1055,290036.4163226549
2017,131871.36759096137
1099,277720.4733722842
1344,96136.95871275665
835,202346.55435636267
1117,223308.29430740076
2043,101822.46014845253
2085,123903.40696481285
410,147054.13299690085
2650,117237.24716287042
2867,176713.66935994127
1668,118798.98512889279
1161,164914.30462462542
2122,177406.99601911523
2539,162735.58509842525
1047,129030.99009797108
1445,133433.24712161178
541,143122.82555912083
569,216811.801524372
1276,130927.02604369052
918,145866.08309492964
326,173701.72517925935
1936,140514.03737880258
895,91584.80909262988
257,155147.31556004917
1241,183334.73287999415
1545,109258.04673738957
1189,160567.1289105014
270,142062.84508142693
2066,181481.30030134285
693,106653.36200782393
1259,118214.72209845715
2916,154214.5128350753
2321,289074.863967299
1977,84545.69488426183
1895,142390.93190083478
1240,159074.06583722672
85,155556.10356313916
1823,122223.12294843678
825,287373.66966937145
110,224517.74067857076
697,109578.20757436895
2297,122799.55273385128
1231,137846.96491722442
1355,131840.004788952
968,339734.2055053484
584,204841.87422326638
1315,117224.81130766966
1606,144328.72522438227
206,90715.74033200467
1685,362556.698298162
2016,135980.36605944368
869,208284.08939680477
2135,121241.81669503204
2346,180817.2076607111
2430,212610.20021451198
2198,90086.23377456353
2652,120925.28792518334
27,116781.05715302705
241,159119.26713909104
906,115025.76161734974
1506,118961.91682505445
2098,358955.25178686617
1435,207877.57845994428
2213,137429.87315458697
1274,142681.86488184208
743,43792.03086926711
1737,189984.22582514756
2797,270387.9697262387
2185,60428.490026549924
58,165803.51952954405
830,188707.72037089628
808,116112.08905144413
680,154400.6373228647
1153,108919.90731766711
1291,130940.88007474168
1818,140760.31035127473
2161,187645.59228522226
1883,126186.07381283853
350,374484.39826186356
2473,156998.76820369315
295,170782.0243130556
293,195104.89468874308
859,136448.21327682177
288,71588.23094462023
1578,163921.6201509237
102,172997.13082862683
2831,149414.18340417006
1030,151986.80840080007
2551,158360.07598586287
1286,145953.62482016883
958,311963.1751753232
776,131375.17239472352
72,218726.14671865475
2263,244851.84791687934
1866,153589.92950065862
2876,81254.96853925842
2146,256543.9078588857
103,166897.49984611585
1500,129685.30171828353
492,191057.86485014958
167,146325.81066966447
2597,118112.21665111143
2685,119561.58044868737
1035,165686.1169696619
1220,78585.00675539474
2602,147526.27412474965
2159,208907.70751688513
695,114968.57171927889
1109,260409.7016437992
640,166193.99885980308
1652,146004.30896085803
2090,195712.56296872548
1188,168460.4359226041
2345,247834.0497951979
1059,462715.8486998397
2751,230569.89895359462
128,207853.57378053095
1523,198575.47335727062
2925,179335.5167078309
2145,286286.1268079651
1121,222983.56256631945
566,272256.7901234214
565,237985.1371881451
1331,136798.32800952502
2928,129293.95659950636
156,141315.3463291749
797,131023.63586032494
327,88522.96203082897
2859,151898.5318174842
1453,125040.93426041125
1762,344862.78049561696
1868,190819.38633074527
1760,185426.647011921
1113,243599.43281614836
1812,186664.18990845373
117,137819.563561158
1142,204798.73740293225
2342,413750.2593116987
927,165523.76762959838
2478,188245.64022596562
655,86422.28230538055
2064,140198.90255393385
369,256863.20813244316
2239,110831.70987459723
2732,199137.67430181857
1653,158122.29842485994
959,227012.56094736338
2395,378894.90332989505
1412,101080.80840767025
271,243275.2732987365
1484,147220.6046878654
1497,146790.91421635906
552,153204.21197071855
2,120466.59581060603
1855,318994.17277578416
4,283585.460664869
2292,153760.1369423735
134,135566.97697510273
646,108304.98772973719
42,307741.404080855
532,226291.16409511183
713,98419.25093077519
2561,136406.02579144484
2360,146511.49676654534
1333,124254.8955611665
1407,217940.05593201093
2892,315035.462496286
574,203195.74786977572
1227,159172.97925667826
2591,215427.2108353996
1476,205144.20618115866
1125,258955.7040756116
1446,149244.84992118116
408,122271.9685009962
1101,290328.14107427787
2251,184247.59555270706
373,166380.78851516178
2554,141921.78409851404
2382,256030.47622934068
1985,90761.15037775191
519,234670.3533144474
1093,195784.46520314712
864,253159.81056146667
2889,130381.61249210162
2308,177880.86734260368
986,170547.6821458013
1302,139812.11107655623
585,146294.22027657038
2708,137624.44686376452
147,130996.42173802
1441,217905.00649195982
383,204547.31860497847
285,141626.43654960705
181,111698.94300332792
358,183443.99703221634
780,179345.62543401102
258,185639.14170395085
1865,214878.07203354914
692,114760.99557198933
2902,333215.0517765846
508,250156.6082858159
2638,151832.12950354454
36,137646.32829912053
611,162061.27008281916
2281,140400.33787847796
1678,118962.40633478154
1696,496944.4472267689
1557,65971.90583623035
2180,159151.3858728331
1726,212632.53573830015
951,151685.30268322135
267,223560.6804642475
2706,135319.47920525147
2221,253806.41661945797
1357,158827.39124335846
2901,318547.6808962194
347,172908.5677863554
2164,187369.66724660067
1586,305011.40853558946
360,159374.54517659734
1769,242345.06268455848
2617,153006.88097937655
1879,139016.92263426926
991,241170.7680177548
1535,128966.92327701891
1191,157878.53741903568
1579,206912.53674200823
1882,138551.47047030585
1510,137665.59396790998
2196,176798.3286867988
1845,169143.07257774417
2336,429863.43023037305
942,79619.48144411379
861,134906.26850387387
2555,133061.3345467653
1392,154658.36668811226
2099,247534.07049138698
1543,115834.80936019741
948,278861.6867801649
1239,173204.62667993768
22,179338.15109736612
2796,229402.58106775343
2747,176949.35651735385
92,288254.2673578401
210,179789.40897881935
1858,198345.46438138862
2228,165362.96591008635
447,224715.62535747775
827,231421.20539824804
1649,201569.45177324832
682,133247.33138609675
2698,88874.26706167834
494,167497.0130427216
214,83073.63675813521
2441,245589.84399207047
2679,110519.08163332658
1336,120771.6698562733
465,179440.44735055385
1524,142277.13068335643
2543,123285.20470201259
631,146664.36680376623
2452,308107.3974848244
228,144142.22885175017
126,168690.8425413118
1092,219908.74863884825
1122,215365.44941472934
932,218203.45847049713
1980,88132.41654846039
2171,110673.66736412614
551,162925.8514515981
2768,177974.56793315234
2056,111292.69507592409
1159,392052.58754694957
2645,113761.16794444219
1174,169535.44549925395
2266,214987.11714857726
2462,449415.16830705357
1219,156781.71552633983
2922,162366.82375822443
118,144869.75268125962
474,164378.96348594886
2576,148081.73535901017
872,276421.13975202484
1077,204975.68128569823
1536,133187.75761405562
1150,127117.15734787684
2341,308855.40542717587
1931,156068.68492845006
2785,131168.9831421153
2538,133424.7468561909
597,185238.72293194954
464,167453.98435061902
233,234901.9557398672
2169,137608.64263196307
2123,179519.8065848397
1867,159968.70970766855
137,248177.664678671
515,244999.08719647804
933,113769.11359379294
2784,155502.25241293592
972,166951.4270780289
599,159831.5896744536
2614,134604.22685129638
2582,130930.64443410236
1409,165350.4442633307
175,97299.61717122461
352,233967.66928582315
976,101089.83542275002
2134,195686.62131645958
984,121359.61145500216
2396,385441.2406157947
1673,150633.98595517737
404,117110.19628637469
607,161533.57278222506
814,148883.1346381331
868,191706.8772339917
2271,198022.30155482833
1633,232389.38378691956
337,133224.11442025108
2765,190263.74377753236
1746,223167.46198911115
368,341963.5181953584
2806,202007.17609449054
1662,187540.3821591208
1234,215540.25833739198
1373,128725.73856847208
1672,111585.62418822467
1939,126116.14991137029
